Execution started at: 2025-12-16 02:11:08


=-=-= input/TSPA.csv =-=-=
Nodes: 200, Selecting: 100

Random:
  Objective: Min=238611, Max=287962, Avg=264638
  Time (ms): Min=8.3e-05, Max=0.003, Avg=0.00011248
  Best: 173 158 9 50 11 13 199 30 192 54 188 107 146 189 68 0 58 134 187 33 127 135 88 165 56 55 81 120 1 152 7 138 162 20 86 169 46 105 37 49 25 82 66 85 26 185 99 161 122 148 3 114 62 131 149 130 136 97 40 12 39 174 73 64 5 102 14 141 176 4 6 89 106 95 18 160 63 128 179 79 92 60 156 178 38 2 101 77 144 172 53 70 8 129 32 35 51 59 137 166 

Nearest Neighbor (end only):
  Objective: Min=83182, Max=89433, Avg=85108
  Time (ms): Min=0.041166, Max=0.09825, Avg=0.0489698
  Best: 124 94 63 53 180 154 135 123 65 116 59 115 139 193 41 42 160 34 22 18 108 69 159 181 184 177 54 30 48 43 151 176 80 79 133 162 51 137 183 143 0 117 46 68 93 140 36 163 199 146 195 103 5 96 118 149 131 112 4 84 35 10 190 127 70 101 97 1 152 120 78 145 185 40 165 90 81 113 175 171 16 31 44 92 57 106 49 144 62 14 178 52 55 129 2 75 86 26 100 121 

Nearest Neighbor (any position):
  Objective: Min=71179, Max=75450, Avg=73178
  Time (ms): Min=0.668334, Max=2.05088, Avg=0.834141
  Best: 68 46 115 139 193 41 5 42 181 159 69 108 18 22 146 34 160 48 54 177 10 190 4 112 84 35 184 43 116 65 59 118 51 151 133 162 123 127 70 135 180 154 53 100 26 86 75 44 25 16 171 175 113 56 31 78 145 179 92 57 52 185 119 40 196 81 90 165 106 178 14 144 62 9 148 102 49 55 129 120 2 101 1 97 152 124 94 63 79 80 176 137 23 186 89 183 143 0 117 93 

Greedy Cycle:
  Objective: Min=71488, Max=74410, Avg=72646
  Time (ms): Min=0.643417, Max=0.686834, Avg=0.661409
  Best: 0 117 143 183 89 186 23 137 176 80 79 63 94 124 152 97 1 101 2 120 129 55 49 102 148 9 62 144 14 178 106 165 90 81 196 40 119 185 52 57 92 179 145 78 31 56 113 175 171 16 25 44 75 86 26 100 53 154 180 135 70 127 123 162 133 151 51 118 59 65 116 43 184 35 84 112 4 190 10 177 30 54 48 160 34 146 22 18 108 69 159 181 42 5 115 41 193 139 68 46 

Greedy 2-Regret:
  Objective: Min=105852, Max=123428, Avg=115474
  Time (ms): Min=0.908083, Max=0.995834, Avg=0.931894
  Best: 93 140 36 67 108 18 20 22 146 195 159 193 139 198 46 60 118 59 197 65 43 28 184 160 34 48 147 177 190 4 112 126 29 123 161 194 135 6 154 180 53 136 63 79 133 151 80 176 66 137 130 94 189 97 86 75 2 120 44 25 78 16 171 56 188 157 17 98 81 174 185 8 165 39 27 71 164 7 21 132 144 102 49 32 3 55 57 172 128 37 9 15 64 83 23 89 183 153 170 117 

Greedy Weighted (2-Regret + BestDelta):
  Objective: Min=71108, Max=73395, Avg=72129
  Time (ms): Min=0.912416, Max=1.21229, Avg=0.938381
  Best: 0 117 143 183 89 186 23 137 176 80 79 63 94 124 152 97 1 101 2 120 82 129 57 92 55 52 49 102 148 9 62 144 14 138 178 106 185 165 40 90 81 196 179 145 78 31 56 113 175 171 16 25 44 75 86 26 100 121 53 180 154 135 70 127 123 162 133 151 51 118 59 65 116 43 184 84 112 4 190 10 177 54 48 160 34 146 22 18 108 69 159 181 42 5 115 41 193 139 68 46 

Nearest Neighbor Any 2-Regret:
  Objective: Min=106373, Max=126570, Avg=116659
  Time (ms): Min=0.825125, Max=7.18621, Avg=0.935995
  Best: 179 92 129 82 120 2 87 152 1 75 86 100 121 136 158 154 6 70 127 123 161 45 151 133 79 80 176 51 141 60 46 198 115 96 42 43 116 131 166 184 35 112 4 10 177 104 54 48 160 192 181 103 22 20 134 18 69 67 36 140 93 117 170 153 183 89 23 186 114 15 9 37 12 111 167 128 102 155 14 32 106 52 185 40 165 39 95 7 164 71 27 90 81 196 157 38 31 56 175 16 

Nearest Neighbor Any Weighted (2-Regret + BestDelta):
  Objective: Min=70010, Max=75452, Avg=72401
  Time (ms): Min=0.837458, Max=0.897875, Avg=0.850051
  Best: 108 18 199 159 22 146 181 34 160 48 54 177 184 84 4 112 35 131 149 65 116 43 42 5 41 193 139 68 46 115 59 118 51 151 133 162 123 127 70 135 154 180 53 121 100 26 86 75 101 1 97 152 2 120 44 25 16 171 175 113 56 31 78 145 179 92 129 57 55 52 185 40 196 81 90 165 106 178 14 49 102 144 62 9 148 124 94 63 79 80 176 137 23 89 183 143 0 117 93 140 

LS Random + Steepest + Nodes:
  Objective: Min=81817, Max=97630, Avg=88011
  Time (ms): Min=3.80025, Max=6.78425, Avg=5.06838
  Best: 70 127 112 177 54 160 181 41 193 18 69 108 68 115 118 26 97 152 124 94 176 51 59 184 34 146 22 159 139 46 0 117 143 183 89 23 137 120 44 25 82 148 15 9 62 3 178 165 27 90 81 75 86 154 180 63 79 80 122 167 57 55 52 106 185 40 119 138 49 102 144 14 196 157 31 113 175 171 16 78 145 179 92 129 2 1 101 100 53 133 151 65 116 5 42 43 149 123 162 135 

LS Random + Greedy + Nodes:
  Objective: Min=86375, Max=101454, Avg=93267
  Time (ms): Min=2.13025, Max=7.43804, Avg=3.45491
  Best: 117 93 140 108 18 22 159 139 46 176 80 133 151 51 137 49 102 148 122 79 65 116 115 0 89 9 62 3 178 52 55 57 179 78 145 129 92 26 100 121 86 75 120 44 171 31 81 90 165 119 40 97 101 1 152 175 16 56 113 196 25 2 63 162 123 118 59 47 131 149 43 181 34 54 160 41 193 96 5 42 177 184 84 112 127 135 70 180 154 53 94 124 167 106 185 138 14 144 183 143 

LS Random + Greedy + Edges:
  Objective: Min=76362, Max=87763, Avg=81101
  Time (ms): Min=1.85375, Max=4.24183, Avg=2.76206
  Best: 135 154 180 53 86 26 100 121 94 124 97 1 101 75 120 44 25 16 171 113 175 157 56 31 145 78 179 129 92 57 185 40 90 27 196 81 119 165 14 144 9 62 102 49 178 106 52 55 2 152 167 148 15 186 23 137 176 80 63 79 162 133 151 51 46 68 0 143 183 89 153 117 93 108 18 146 22 34 160 177 54 48 184 43 5 41 181 42 193 159 139 115 59 116 65 149 131 123 127 70 

LS Greedy + Steepest + Nodes:
  Objective: Min=70626, Max=72950, Avg=71614
  Time (ms): Min=0.980625, Max=1.31458, Avg=1.11793
  Best: 93 117 0 143 183 89 186 23 137 176 80 79 63 94 124 152 97 1 101 2 120 82 129 92 57 55 52 49 102 148 9 62 144 14 3 178 106 185 40 165 90 81 196 179 145 78 31 56 113 175 171 16 25 44 75 86 26 100 121 53 180 154 135 70 127 123 162 133 151 51 118 59 65 116 43 184 112 4 190 10 177 54 48 160 34 146 22 18 108 69 159 181 42 5 41 193 139 115 46 68 

LS Greedy + Steepest + Edges:
  Objective: Min=70510, Max=72614, Avg=71460
  Time (ms): Min=0.991166, Max=1.30279, Avg=1.11531
  Best: 93 117 0 143 183 89 186 23 137 176 80 79 63 94 124 152 97 1 101 2 82 129 92 57 55 52 49 102 148 9 62 144 14 3 178 106 185 40 165 90 81 196 179 145 78 31 56 113 175 171 16 25 44 120 75 86 26 100 121 53 180 154 135 70 127 123 162 133 151 51 118 59 65 116 43 184 112 4 190 10 177 54 48 160 34 146 22 18 108 69 159 181 42 5 41 193 139 115 46 68 

LS Greedy + Greedy + Nodes:
  Objective: Min=71093, Max=73048, Avg=71908
  Time (ms): Min=1.89237, Max=3.45304, Avg=2.42404
  Best: 0 117 143 183 89 186 23 137 176 80 79 63 94 124 152 97 1 101 2 120 82 129 57 92 55 52 49 102 148 9 62 144 14 3 178 106 185 165 40 90 81 196 179 145 78 31 56 113 175 171 16 25 44 75 86 26 100 121 53 180 154 135 70 127 123 162 133 151 51 118 59 65 116 43 184 84 112 4 190 10 177 54 48 160 34 146 22 18 108 69 159 181 42 5 115 41 193 139 68 46 

LS Greedy + Greedy + Edges:
  Objective: Min=70977, Max=72706, Avg=71825
  Time (ms): Min=2.0325, Max=66.0855, Avg=3.72155
  Best: 183 89 186 23 137 176 80 79 63 94 124 152 97 1 101 2 82 129 57 92 55 52 49 102 148 9 62 144 14 3 178 106 185 165 40 90 81 196 179 145 78 31 56 113 175 171 16 25 44 120 75 86 26 100 121 53 180 154 135 70 127 123 162 133 151 51 118 59 65 116 43 184 84 112 4 190 10 177 54 48 160 34 146 22 18 108 69 159 181 42 5 115 41 193 139 68 46 0 117 143 

LS Random + Steepest + Edges:
  Objective: Min=71371, Max=78984, Avg=73965
  Time (ms): Min=2.99908, Max=9.90092, Avg=3.90804
  Best: 186 137 23 89 183 143 117 0 46 115 139 68 108 69 18 22 146 159 193 41 42 181 34 160 48 54 177 10 4 112 84 184 131 149 43 116 65 59 118 51 151 162 123 127 70 135 154 53 180 133 176 80 79 63 94 124 152 97 1 101 86 75 2 129 82 120 44 25 16 171 175 113 56 31 157 196 145 78 92 57 55 52 178 106 185 119 40 81 90 165 138 14 144 49 102 62 9 148 15 114 

LM Random + Steepest + Edges:
  Objective: Min=72054, Max=79520, Avg=74981
  Time (ms): Min=3.03021, Max=4.60217, Avg=3.88183
  Best: 101 1 152 97 26 100 53 180 154 135 70 127 123 149 65 116 43 184 190 10 177 54 160 34 146 195 181 42 193 41 159 22 18 69 108 117 143 0 46 68 139 115 59 118 51 176 80 151 162 133 79 63 94 124 167 148 137 183 89 186 15 9 62 102 49 178 106 14 144 21 164 90 39 165 119 40 185 52 55 57 129 92 78 145 179 196 81 157 31 56 113 175 171 16 25 44 120 2 75 86 

Candidates + Random + Steepest + Edges (k=5):
  Objective: Min=78843, Max=91459, Avg=84726
  Time (ms): Min=7.44867, Max=10.8593, Avg=8.70497
  Best: 70 135 6 154 180 53 63 189 100 86 75 101 1 97 152 2 120 44 82 78 145 157 38 31 16 88 171 175 113 85 188 196 81 90 71 164 165 40 185 179 92 57 55 52 106 178 49 14 144 102 62 9 148 94 130 137 23 89 183 143 0 117 93 36 108 18 22 193 41 5 42 181 34 160 48 54 177 10 4 112 184 28 43 65 116 115 198 139 68 46 118 59 51 176 80 79 133 151 162 123 

Candidates + Random + Steepest + Edges (k=10):
  Objective: Min=72851, Max=84000, Avg=77773
  Time (ms): Min=8.78342, Max=15.2283, Avg=10.225
  Best: 86 100 53 121 94 63 79 80 176 66 51 118 59 72 151 162 161 133 180 154 135 70 127 123 112 4 10 177 54 184 160 34 181 42 43 131 149 47 65 116 115 46 139 41 193 159 22 18 69 108 93 117 0 143 183 89 23 137 186 15 148 9 62 144 102 49 14 21 7 164 58 27 90 81 196 40 165 185 106 178 52 55 57 129 92 145 78 31 113 175 171 16 44 120 2 152 97 1 101 75 

Candidates + Random + Steepest + Edges (k=15):
  Objective: Min=72276, Max=83040, Avg=75510
  Time (ms): Min=9.73292, Max=15.0412, Avg=11.1894
  Best: 5 42 41 193 159 18 22 146 181 34 160 184 48 54 177 10 4 112 35 131 149 65 105 43 116 59 118 51 176 80 63 79 133 151 162 123 127 70 135 154 180 53 26 86 75 101 1 97 152 2 120 44 25 16 171 175 113 78 145 92 129 57 55 52 178 106 185 40 196 81 90 27 164 7 165 138 14 144 49 102 62 9 148 124 94 137 23 89 183 143 170 0 117 93 140 68 46 198 139 115 

Candidates + Random + Steepest + Edges (k=20):
  Objective: Min=71292, Max=80264, Avg=74416
  Time (ms): Min=11.0772, Max=19.3376, Avg=12.4954
  Best: 198 115 139 41 193 159 18 22 146 34 160 54 177 10 190 4 112 84 184 42 43 116 65 59 118 51 176 80 79 133 151 162 149 123 127 70 135 154 180 53 136 63 94 124 152 1 97 26 100 86 101 75 2 129 92 120 44 25 16 171 175 113 56 31 78 145 179 91 196 81 90 165 119 40 185 57 55 52 106 178 3 49 14 144 102 62 9 148 137 23 89 183 143 170 0 117 93 140 68 46 

LM Candidates + Random + Steepest + Edges (k=10):
  Objective: Min=72331, Max=80832, Avg=75157
  Time (ms): Min=3.688, Max=7.96992, Avg=4.36679
  Best: 53 121 100 26 97 152 1 101 86 75 2 120 44 25 82 129 92 145 78 31 16 171 175 113 56 157 196 179 57 55 52 178 3 106 185 119 40 81 90 165 138 14 49 102 144 62 9 15 148 124 94 63 79 80 176 137 89 183 143 0 117 68 46 139 115 118 59 116 65 149 35 84 184 43 42 181 41 193 159 69 108 18 22 146 103 34 160 48 54 177 4 112 123 162 151 133 135 70 154 180 

LM Candidates + Random + Steepest + Edges (k=20):
  Objective: Min=72054, Max=79520, Avg=74976
  Time (ms): Min=11.9572, Max=18.9513, Avg=14.2186
  Best: 101 1 152 97 26 100 53 180 154 135 70 127 123 149 65 116 43 184 190 10 177 54 160 34 146 195 181 42 193 41 159 22 18 69 108 117 143 0 46 68 139 115 59 118 51 176 80 151 162 133 79 63 94 124 167 148 137 183 89 186 15 9 62 102 49 178 106 14 144 21 164 90 39 165 119 40 185 52 55 57 129 92 78 145 179 196 81 157 31 56 113 175 171 16 25 44 120 2 75 86 

Multiple Start Local Search (200 iterations):
  Objective: Min=70748, Max=71959, Avg=71306
  Time (ms): Min=662.29, Max=807.129, Avg=689.264
  Best: 175 113 31 157 196 81 90 165 119 40 185 55 52 106 178 3 49 14 144 102 62 9 148 15 186 137 23 89 183 143 0 117 93 68 46 115 139 41 193 159 108 18 22 146 103 34 48 54 30 177 10 190 184 160 181 42 43 116 65 131 149 59 118 51 176 80 79 133 151 162 123 127 135 154 180 158 53 63 94 26 100 86 75 101 1 97 152 2 120 44 25 82 129 92 57 179 145 78 16 171 

Iterated Local Search (time limit = 689 ms):
  Objective: Min=69107, Max=69703, Avg=69336
  Time (ms): Min=689.266, Max=689.507, Avg=689.367
  Best: 0 143 183 89 186 23 137 176 80 79 63 94 124 148 9 62 102 144 14 49 178 106 52 55 57 129 92 179 185 40 119 165 90 81 196 145 78 31 56 113 175 171 16 25 44 120 2 152 97 1 101 75 86 26 100 53 180 154 135 70 127 123 162 133 151 51 118 59 115 46 68 139 41 193 159 181 42 43 116 65 149 131 184 84 112 4 190 10 177 54 48 160 34 146 22 18 108 140 93 117 

  LS Runs: Avg=3544.35

LNS with LS (time limit = 689 ms):
  Objective: Min=69411, Max=70389, Avg=69707
  Time (ms): Min=689.281, Max=689.69, Avg=689.456
  Best: 93 140 108 18 22 146 159 193 41 139 68 46 115 5 42 181 34 160 48 54 177 10 190 4 112 84 35 184 43 116 65 59 118 51 176 80 94 63 79 133 151 162 123 127 70 135 154 180 53 100 26 86 75 101 1 97 152 2 120 44 25 16 171 175 113 56 31 78 145 196 81 90 165 40 185 179 92 129 57 55 52 106 178 49 14 144 102 62 9 148 15 114 186 137 23 89 183 143 0 117 

  Iterations: Avg=1483.3

LNS without LS (time limit = 689 ms):
  Objective: Min=69207, Max=70441, Avg=69731
  Time (ms): Min=689.273, Max=689.71, Avg=689.434
  Best: 176 80 79 63 94 124 148 9 62 102 144 14 49 178 106 52 55 185 40 165 90 81 196 179 57 129 92 145 78 31 56 113 175 171 16 25 44 120 2 152 97 1 101 75 86 26 100 121 53 180 154 135 70 127 123 162 133 151 51 118 59 65 116 43 42 184 35 84 112 4 190 10 177 54 48 160 34 181 146 22 18 108 69 159 193 41 139 115 46 68 140 93 117 0 143 183 89 186 23 137 

  Iterations: Avg=1630.8

HEA Operator 1 (time limit = 689 ms):
  Objective: Min=69107, Max=69458, Avg=69248
  Time (ms): Min=689.27, Max=689.938, Avg=689.428
  Best: 146 22 18 108 140 93 117 0 143 183 89 186 23 137 176 80 79 63 94 124 148 9 62 102 144 14 49 178 106 52 55 57 129 92 179 185 40 119 165 90 81 196 145 78 31 56 113 175 171 16 25 44 120 2 152 97 1 101 75 86 26 100 53 180 154 135 70 127 123 162 133 151 51 118 59 115 46 68 139 41 193 159 181 42 43 116 65 149 131 184 84 112 4 190 10 177 54 48 160 34 

  Generations: Avg=1334.85

HEA Operator 2 with LS (time limit = 689 ms):
  Objective: Min=69783, Max=70603, Avg=70176
  Time (ms): Min=689.267, Max=689.448, Avg=689.32
  Best: 185 52 55 57 129 92 179 145 78 31 56 113 175 171 16 25 44 120 2 152 97 1 101 75 86 26 100 121 53 180 154 135 70 127 123 162 133 151 51 118 59 115 42 43 116 65 149 131 35 112 4 84 184 177 54 48 160 34 181 146 22 18 108 69 159 193 41 139 46 68 140 93 117 0 143 183 89 186 23 137 176 80 79 63 94 124 148 9 62 102 144 14 49 178 106 165 90 81 196 40 

  Generations: Avg=5984.5

HEA Operator 2 without LS (time limit = 689 ms):
  Objective: Min=69909, Max=70982, Avg=70465
  Time (ms): Min=689.266, Max=689.403, Avg=689.311
  Best: 143 183 89 23 137 176 80 79 63 94 124 148 9 62 102 49 144 14 138 165 90 40 185 106 178 52 55 57 92 78 145 179 196 81 157 31 56 113 175 171 16 25 44 120 129 2 152 97 1 101 75 86 26 100 53 180 154 135 70 127 123 162 133 151 51 118 59 149 65 116 43 184 84 112 4 190 10 177 54 48 160 34 181 42 5 41 193 159 146 22 18 108 139 115 46 68 140 93 117 0 

  Generations: Avg=10059.1

AMSEA (time limit = 689 ms):
  Objective: Min=69100, Max=69880, Avg=69246
  Time (ms): Min=689.274, Max=689.72, Avg=689.425
  Best: 185 40 119 165 90 81 196 145 78 31 56 113 175 171 16 25 44 120 2 152 97 1 101 75 86 26 100 53 180 154 135 70 127 123 162 133 151 51 118 59 65 116 43 42 184 35 84 112 4 190 10 177 54 48 160 34 181 146 22 18 108 69 159 193 41 139 115 46 68 140 93 117 0 143 183 89 186 23 137 176 80 79 63 94 124 148 9 62 102 144 14 49 178 106 52 55 57 129 92 179 

  Generations: Avg=3482.15
  Operator Stats: Op1=13978/18334, Op2=15047/19565, PathRelink=15571/19776


=-=-= input/TSPB.csv =-=-=
Nodes: 200, Selecting: 100

Random:
  Objective: Min=190076, Max=244960, Avg=213875
  Time (ms): Min=0, Max=0.000125, Avg=2.916e-05
  Best: 82 6 39 46 13 155 187 105 146 12 164 85 174 97 151 193 57 181 195 74 180 21 32 29 167 159 107 17 15 103 154 106 152 1 158 145 134 2 66 8 123 41 126 67 191 10 192 190 197 3 119 78 189 54 31 98 138 49 183 99 130 16 56 150 72 143 110 108 113 63 50 169 112 53 69 25 162 43 133 120 182 148 81 70 35 51 37 47 109 18 76 140 68 77 188 175 111 124 59 11 

Nearest Neighbor (end only):
  Objective: Min=52319, Max=59030, Avg=54390
  Time (ms): Min=0.014542, Max=0.020708, Avg=0.0162002
  Best: 16 1 117 31 54 193 190 80 175 5 177 36 61 141 77 153 163 176 113 166 86 185 179 94 47 148 20 60 28 140 183 152 18 62 124 106 143 0 29 109 35 33 138 11 168 169 188 70 3 145 15 155 189 34 55 95 130 99 22 66 154 57 172 194 103 127 89 137 114 165 187 146 81 111 8 104 21 82 144 160 139 182 25 121 90 122 135 63 40 107 100 133 10 147 6 134 51 98 118 74 

Nearest Neighbor (any position):
  Objective: Min=44417, Max=53438, Avg=45870
  Time (ms): Min=0.694875, Max=2.39671, Avg=0.786382
  Best: 40 107 100 63 122 135 38 27 16 1 156 198 117 193 31 54 73 136 190 80 162 175 78 142 45 5 177 104 8 111 82 21 61 36 91 141 77 81 153 187 163 89 127 103 113 176 194 166 86 95 130 99 22 185 179 66 94 47 148 60 20 28 149 4 140 183 152 170 34 55 18 62 124 106 143 35 109 0 29 160 33 138 11 139 168 195 145 15 3 70 13 132 169 188 6 147 191 90 51 121 

Greedy Cycle:
  Objective: Min=49001, Max=57324, Avg=51400
  Time (ms): Min=0.664666, Max=0.701, Avg=0.676521
  Best: 85 51 121 131 135 63 122 133 10 90 191 147 6 188 169 132 13 161 70 3 15 145 195 168 29 109 35 0 111 81 153 163 180 176 86 95 128 106 143 124 62 18 55 34 170 152 183 140 4 149 28 20 60 148 47 94 66 22 130 99 185 179 172 166 194 113 114 137 103 89 127 165 187 146 77 97 141 91 36 61 175 78 142 45 5 177 82 87 21 8 104 56 144 160 33 138 182 11 139 134 

Greedy 2-Regret:
  Objective: Min=66505, Max=77072, Avg=72454
  Time (ms): Min=0.929, Max=0.986083, Avg=0.944645
  Best: 108 80 190 46 45 5 7 36 79 91 141 97 77 58 82 21 171 177 123 25 158 118 74 2 182 11 49 160 56 8 111 50 81 119 153 146 187 163 103 127 137 75 93 48 166 52 179 22 94 148 23 20 59 149 140 183 174 95 86 110 128 124 62 18 34 170 53 184 155 84 3 15 145 13 132 169 188 6 150 147 71 90 115 10 133 17 122 135 131 121 19 173 31 117 198 24 1 27 42 196 

Greedy Weighted (2-Regret + BestDelta):
  Objective: Min=47144, Max=55700, Avg=50950
  Time (ms): Min=0.929791, Max=1.37904, Avg=0.959634
  Best: 199 183 140 95 130 99 22 179 185 86 166 194 113 176 26 103 114 137 127 89 163 187 153 81 77 141 91 61 36 175 78 142 45 5 177 21 82 111 8 104 138 182 139 168 195 145 15 3 70 13 132 169 188 6 147 115 10 133 122 63 135 38 1 117 193 31 54 131 90 51 121 118 74 134 11 33 160 29 0 109 35 143 106 124 128 62 18 55 34 170 152 4 149 28 20 60 94 66 47 148 

Nearest Neighbor Any 2-Regret:
  Objective: Min=67121, Max=79013, Avg=73646
  Time (ms): Min=0.847167, Max=1.76696, Avg=0.88826
  Best: 93 75 137 165 89 26 113 180 129 186 153 81 14 50 58 77 97 141 91 79 36 7 175 5 123 171 157 104 56 144 33 49 11 139 43 2 74 118 158 121 112 19 173 136 73 31 117 198 196 42 156 24 1 27 38 102 63 100 40 17 44 10 178 90 71 147 192 150 6 65 169 132 13 145 15 3 84 155 184 152 34 18 62 106 110 86 185 95 9 183 140 4 101 59 20 60 148 47 66 172 

Nearest Neighbor Any Weighted (2-Regret + BestDelta):
  Objective: Min=44891, Max=55247, Avg=47653
  Time (ms): Min=0.85825, Max=0.973084, Avg=0.873282
  Best: 131 121 51 90 147 6 188 169 132 13 168 195 145 15 70 3 155 184 152 170 34 55 18 62 124 106 128 95 130 183 140 4 149 28 20 60 148 47 94 66 57 172 179 185 86 166 194 176 113 103 127 89 163 187 153 81 77 141 91 61 36 21 82 8 104 33 160 0 35 109 29 11 138 182 25 177 5 78 175 162 80 190 136 73 31 54 193 117 198 156 1 16 27 38 135 122 63 100 107 40 

LS Random + Steepest + Nodes:
  Objective: Min=55928, Max=70479, Avg=62848
  Time (ms): Min=4.10158, Max=6.39942, Avg=5.07831
  Best: 176 180 137 114 194 166 86 185 95 62 111 21 61 36 175 78 5 73 31 54 117 198 156 1 102 63 38 27 16 193 190 80 177 163 89 127 103 26 113 179 94 47 148 20 28 152 70 6 147 71 191 90 51 125 122 32 135 131 121 25 104 8 82 141 77 153 106 34 170 184 155 3 15 145 168 195 13 132 169 188 134 139 11 29 109 35 0 160 33 144 143 124 130 99 183 140 174 55 18 128 

LS Random + Greedy + Nodes:
  Objective: Min=57842, Max=76707, Avg=65388
  Time (ms): Min=2.10871, Max=6.2595, Avg=3.32421
  Best: 3 15 155 55 86 194 113 166 176 103 89 163 153 81 159 143 106 124 128 62 18 34 189 139 11 182 121 131 135 122 90 191 51 138 8 21 177 80 190 136 45 175 36 187 95 130 185 179 94 47 148 20 28 183 140 152 170 111 82 77 141 91 61 142 78 5 118 134 169 6 188 13 132 168 49 0 35 109 29 33 56 104 144 160 25 73 193 117 31 54 1 38 63 40 107 147 195 145 161 70 

LS Random + Greedy + Edges:
  Objective: Min=50858, Max=59045, Avg=54088
  Time (ms): Min=1.90292, Max=4.93104, Avg=2.84209
  Best: 168 195 126 13 145 15 132 169 6 188 70 161 3 189 155 184 152 109 12 0 35 29 160 144 104 8 56 111 143 159 106 124 62 55 18 34 183 140 28 20 60 66 94 47 148 179 185 86 176 113 163 89 127 103 194 166 153 77 97 141 61 91 36 87 21 82 177 5 175 78 142 45 80 190 193 117 198 156 1 27 38 40 107 63 102 135 122 133 90 121 73 54 31 25 138 33 182 139 11 43 

LS Greedy + Steepest + Nodes:
  Objective: Min=43826, Max=50876, Avg=45414
  Time (ms): Min=0.794667, Max=1.50962, Avg=0.906522
  Best: 121 51 90 191 147 6 188 169 132 13 70 3 15 145 195 168 139 11 138 33 160 29 0 109 35 143 106 124 62 18 55 34 170 152 183 140 4 149 28 20 60 148 47 94 66 179 185 22 99 130 95 86 166 194 176 113 103 127 89 163 187 153 81 77 141 91 36 61 21 82 111 8 104 177 5 45 142 78 175 162 80 190 136 73 54 31 193 117 198 156 1 16 27 38 135 63 40 107 122 131 

LS Greedy + Steepest + Edges:
  Objective: Min=43921, Max=50629, Avg=44979
  Time (ms): Min=0.798959, Max=1.43133, Avg=0.899875
  Best: 40 107 133 122 135 131 121 51 90 191 147 6 188 169 132 13 70 3 15 145 195 168 139 11 182 138 33 160 29 0 109 35 143 106 124 62 18 55 34 170 152 183 140 4 149 28 20 60 148 47 94 66 179 22 99 130 95 185 86 166 194 176 180 113 103 114 137 127 89 163 187 153 81 77 141 91 61 36 177 5 45 142 78 175 162 80 190 136 73 54 31 193 117 198 156 1 16 27 38 63 

LS Greedy + Greedy + Nodes:
  Objective: Min=43917, Max=51165, Avg=45584
  Time (ms): Min=1.68813, Max=3.60479, Avg=2.23799
  Best: 131 122 40 107 63 135 38 27 16 1 156 198 117 54 31 193 73 136 190 80 162 175 78 142 45 5 177 104 8 111 82 21 61 36 91 141 77 81 153 187 163 89 127 103 113 176 194 166 86 95 130 99 22 185 179 66 94 47 148 60 20 28 149 4 140 183 152 170 34 55 18 62 124 106 143 35 109 0 29 160 33 138 11 139 168 195 145 15 3 70 13 132 169 188 6 147 191 90 51 121 

LS Greedy + Greedy + Edges:
  Objective: Min=43845, Max=51170, Avg=45376
  Time (ms): Min=1.69858, Max=3.73458, Avg=2.27119
  Best: 40 107 122 135 131 121 51 90 191 147 6 188 169 132 13 70 3 15 145 195 168 139 11 138 33 160 29 0 109 35 143 106 124 62 18 55 34 170 152 183 140 4 149 28 20 60 148 47 94 66 179 185 22 99 130 95 86 166 194 176 113 103 127 89 163 187 153 81 77 141 91 36 61 21 82 111 8 104 177 5 45 142 78 175 162 80 190 136 73 193 31 54 117 198 156 1 16 27 38 63 

LS Random + Steepest + Edges:
  Objective: Min=45823, Max=51965, Avg=48252
  Time (ms): Min=2.98442, Max=3.91662, Avg=3.38955
  Best: 1 198 117 193 31 54 73 136 190 80 175 78 5 177 21 36 61 79 91 141 77 81 153 163 89 127 137 114 103 26 113 176 194 166 86 185 95 99 22 179 94 47 148 60 20 28 149 4 140 183 152 34 55 18 62 124 106 35 109 0 29 160 33 8 104 138 11 139 168 195 126 13 145 15 3 70 161 132 169 188 6 147 134 118 98 51 121 131 122 90 191 10 133 107 40 63 102 135 38 27 

LM Random + Steepest + Edges:
  Objective: Min=45965, Max=52805, Avg=49325
  Time (ms): Min=3.07558, Max=4.76325, Avg=3.83494
  Best: 176 194 166 86 185 95 130 99 22 179 57 66 94 154 47 148 60 20 59 28 149 4 140 183 152 184 155 170 34 55 18 62 128 124 106 143 35 109 0 29 144 160 33 138 11 139 43 168 195 13 145 15 3 70 161 132 169 188 6 134 147 90 51 121 131 122 135 63 38 27 1 156 198 117 193 31 54 73 80 190 175 78 142 5 177 36 21 104 8 111 82 77 81 153 163 89 127 103 113 180 

Candidates + Random + Steepest + Edges (k=5):
  Objective: Min=47117, Max=53865, Avg=49873
  Time (ms): Min=8.19292, Max=10.5711, Avg=9.36676
  Best: 152 183 140 28 20 60 148 47 94 179 22 99 95 185 86 166 194 176 113 103 114 137 127 89 163 187 153 106 124 62 18 55 34 143 35 109 0 29 12 111 82 21 81 77 141 91 61 36 177 5 45 142 78 175 162 80 190 136 73 54 31 193 117 198 1 197 27 38 102 63 32 135 122 133 10 147 90 51 121 25 182 138 104 8 160 33 49 11 139 43 168 195 188 169 132 145 15 70 3 155 

Candidates + Random + Steepest + Edges (k=10):
  Objective: Min=45669, Max=51178, Avg=48450
  Time (ms): Min=9.38562, Max=12.9815, Avg=10.8668
  Best: 194 176 180 113 103 127 89 163 153 81 77 141 91 79 61 36 21 82 8 104 160 33 11 139 138 182 25 177 5 78 175 45 80 190 193 31 73 54 117 198 156 1 27 38 102 63 135 131 121 98 51 125 191 90 122 133 147 6 188 169 132 13 195 168 145 15 70 3 155 189 109 29 12 0 35 143 106 124 62 18 55 34 170 152 183 140 28 20 60 148 47 94 66 179 99 130 95 185 86 166 

Candidates + Random + Steepest + Edges (k=15):
  Objective: Min=45582, Max=51938, Avg=48295
  Time (ms): Min=10.5526, Max=47.8271, Avg=14.1428
  Best: 10 147 6 188 169 132 13 195 168 145 15 70 3 155 189 109 35 0 29 160 33 104 8 21 82 111 143 159 106 124 62 18 55 34 152 183 140 149 28 20 60 148 47 94 66 179 185 99 130 95 86 166 194 176 113 114 127 165 89 103 163 153 81 77 97 141 91 79 61 36 177 5 45 142 78 175 80 190 193 31 54 117 198 156 27 38 16 1 121 51 90 122 135 63 100 40 107 17 72 133 

Candidates + Random + Steepest + Edges (k=20):
  Objective: Min=45338, Max=51285, Avg=48221
  Time (ms): Min=11.4261, Max=16.3346, Avg=13.2262
  Best: 10 147 6 188 169 132 13 195 168 145 15 70 3 155 189 109 35 0 29 160 33 104 8 21 82 111 143 159 106 124 62 18 55 34 152 183 140 149 28 20 60 148 47 94 66 179 185 99 130 95 86 166 194 176 113 114 127 165 89 103 163 153 81 77 97 141 91 79 61 36 177 5 45 142 78 175 80 190 193 31 54 117 198 1 16 27 38 131 121 51 90 122 135 102 63 100 40 107 72 133 

LM Candidates + Random + Steepest + Edges (k=10):
  Objective: Min=46145, Max=52021, Avg=49219
  Time (ms): Min=3.49662, Max=4.92875, Avg=4.12651
  Best: 130 95 183 140 28 20 60 148 47 94 66 179 166 194 176 113 103 127 89 163 153 81 111 35 109 0 29 160 33 104 8 82 97 77 141 91 36 61 21 177 5 78 175 142 45 80 190 136 73 54 31 193 117 198 156 1 27 38 102 63 100 40 107 133 122 135 131 90 51 121 158 25 138 11 139 43 134 6 188 169 132 13 195 168 145 70 161 15 3 155 152 55 18 62 124 106 128 86 185 99 

LM Candidates + Random + Steepest + Edges (k=20):
  Objective: Min=45965, Max=52805, Avg=49302
  Time (ms): Min=13.1212, Max=16.9507, Avg=15.0508
  Best: 176 194 166 86 185 95 130 99 22 179 57 66 94 154 47 148 60 20 59 28 149 4 140 183 152 184 155 170 34 55 18 62 128 124 106 143 35 109 0 29 144 160 33 138 11 139 43 168 195 13 145 15 3 70 161 132 169 188 6 134 147 90 51 121 131 122 135 63 38 27 1 156 198 117 193 31 54 73 80 190 175 78 142 5 177 36 21 104 8 111 82 77 81 153 163 89 127 103 113 180 

Multiple Start Local Search (200 iterations):
  Objective: Min=45356, Max=46168, Avg=45741
  Time (ms): Min=669.575, Max=878.129, Avg=694.6
  Best: 1 198 117 193 31 54 73 190 80 162 45 142 175 78 5 177 21 36 61 79 91 141 77 81 153 187 163 103 89 127 137 114 26 113 180 176 88 194 166 86 185 95 130 99 22 179 66 94 47 148 20 28 149 4 140 183 152 34 55 18 62 124 106 143 35 109 0 29 111 82 8 104 33 138 11 168 195 13 145 15 3 70 161 132 169 188 6 147 191 90 125 51 121 131 135 122 40 63 38 27 

Iterated Local Search (time limit = 694 ms):
  Objective: Min=43496, Max=44325, Avg=43742
  Time (ms): Min=694.6, Max=694.881, Avg=694.674
  Best: 0 109 35 143 106 124 62 18 55 34 170 152 183 140 4 149 28 20 60 148 47 94 66 179 99 130 95 185 86 166 194 176 113 114 137 127 89 103 163 187 153 81 77 141 91 61 36 177 5 78 175 142 45 80 190 136 73 54 31 193 117 198 156 1 27 38 63 40 107 122 135 131 121 51 90 191 147 6 188 169 132 70 3 15 145 13 195 168 139 11 138 104 8 21 82 111 144 33 160 29 

  LS Runs: Avg=3597.45

LNS with LS (time limit = 694 ms):
  Objective: Min=43510, Max=45379, Avg=44153
  Time (ms): Min=694.606, Max=695.04, Avg=694.808
  Best: 109 35 143 106 124 62 18 55 34 170 152 183 140 4 149 28 20 60 148 47 94 66 179 99 130 95 185 86 166 194 176 113 114 137 127 89 103 163 187 153 81 77 141 91 61 36 177 5 78 175 142 45 162 80 190 136 73 54 31 193 117 198 156 1 16 27 38 63 40 107 133 122 135 131 121 51 90 147 6 188 169 132 70 3 15 145 13 195 168 139 11 138 33 160 144 104 8 111 29 0 

  Iterations: Avg=1459.25

LNS without LS (time limit = 694 ms):
  Objective: Min=43671, Max=45547, Avg=44444
  Time (ms): Min=694.655, Max=699.226, Avg=695.04
  Best: 82 111 29 0 109 35 143 106 124 62 18 55 34 170 152 183 140 4 149 28 20 60 148 47 94 66 179 22 99 130 95 185 86 166 194 176 113 103 127 89 163 187 153 81 77 141 91 61 36 177 5 78 175 162 80 190 136 73 54 31 193 117 198 156 1 16 27 38 63 40 107 133 122 135 131 121 51 90 147 6 188 169 132 70 3 15 145 13 195 168 43 139 11 138 33 160 144 104 8 21 

  Iterations: Avg=1599.3

HEA Operator 1 (time limit = 694 ms):
  Objective: Min=43472, Max=43822, Avg=43570
  Time (ms): Min=694.601, Max=694.995, Avg=694.735
  Best: 103 89 127 137 114 113 176 194 166 86 185 95 130 99 22 179 66 94 47 148 60 20 28 149 4 140 183 152 170 34 55 18 62 124 106 143 35 109 0 29 111 82 21 8 104 144 160 33 138 11 139 168 195 13 145 15 3 70 132 169 188 6 147 90 51 121 131 135 122 107 40 63 38 27 16 1 156 198 117 193 31 54 73 136 190 80 45 175 78 5 177 36 61 91 141 77 81 153 187 163 

  Generations: Avg=1405.45

HEA Operator 2 with LS (time limit = 694 ms):
  Objective: Min=43873, Max=44868, Avg=44350
  Time (ms): Min=694.601, Max=694.759, Avg=694.664
  Best: 168 195 13 145 15 3 70 132 169 188 6 147 10 133 107 40 63 135 122 90 51 121 131 1 156 198 117 193 31 54 73 136 190 80 162 175 78 142 45 5 177 25 182 138 139 11 33 160 144 104 8 82 21 61 36 91 141 77 81 153 187 163 89 127 103 113 180 176 194 166 86 95 130 99 185 179 66 94 47 148 60 20 28 149 4 140 183 152 170 34 55 18 62 124 106 143 35 109 0 29 

  Generations: Avg=5932.25

HEA Operator 2 without LS (time limit = 694 ms):
  Objective: Min=44021, Max=45492, Avg=44591
  Time (ms): Min=694.605, Max=694.746, Avg=694.662
  Best: 34 170 152 183 140 4 149 28 20 60 148 47 94 66 179 99 130 95 185 86 166 194 176 113 114 137 127 89 103 163 187 153 81 77 141 36 61 21 82 8 104 144 160 33 138 182 25 177 5 78 175 162 80 190 136 73 31 54 193 117 198 156 1 27 38 135 63 40 107 133 122 131 121 51 90 147 6 188 169 132 13 70 3 15 145 195 168 43 139 11 29 0 109 35 143 106 124 62 18 55 

  Generations: Avg=8915.1

AMSEA (time limit = 694 ms):
  Objective: Min=43448, Max=43616, Avg=43500
  Time (ms): Min=694.606, Max=695.128, Avg=694.762
  Best: 137 127 89 103 163 187 153 81 77 141 91 61 36 177 5 78 175 142 45 80 190 136 73 54 31 193 117 198 156 1 16 27 38 63 40 107 133 122 135 131 121 51 90 147 6 188 169 132 70 3 15 145 13 195 168 139 11 138 33 160 144 104 8 111 29 0 109 35 143 106 124 62 18 55 34 170 152 183 140 4 149 28 20 60 148 47 94 66 179 22 99 130 95 185 86 166 194 176 113 114 

  Generations: Avg=4088.8
  Operator Stats: Op1=19756/25433, Op2=16147/23318, PathRelink=18871/25354


Global Convexity Analysis (TSPA) - 1000 Random Local Optima:
  Objective: Min=75346, Max=88510, Avg=81208
  Time (ms): Min=15412.6, Max=15412.6, Avg=15412.6
  Best: 22 159 193 41 139 115 5 181 34 160 48 54 10 177 184 42 43 131 149 65 116 59 151 162 123 112 127 70 135 180 53 75 101 86 1 152 97 26 100 121 124 94 63 154 133 80 79 122 176 51 137 37 148 9 62 102 49 3 178 106 52 55 57 129 2 92 120 44 16 175 113 31 171 78 145 179 40 119 165 185 196 81 90 27 164 14 144 15 186 23 89 183 143 117 0 46 68 140 108 18
  Common Edges (out of 100):
    Avg similarity to all: Min=17.5916, Max=27.6016, Avg=22.5096 (r=-0.853706)
    Best of 1000 optima:   Min=15, Max=44, Avg=27.6016 (r=-0.520636)
    Best method (ILS):     Min=19, Max=52, Avg=34.288 (r=-0.645234)
  Common Nodes (out of 100):
    Avg similarity to all: Min=83.5325, Max=90.3013, Avg=87.9331 (r=-0.261265)
    Best of 1000 optima:   Min=83, Max=94, Avg=89.1391 (r=-0.19881)
    Best method (ILS):     Min=82, Max=95, Avg=90.009 (r=-0.35262)

Global Convexity Analysis (TSPB) - 1000 Random Local Optima:
  Objective: Min=49789, Max=59617, Avg=54198
  Time (ms): Min=15515.7, Max=15515.7, Avg=15515.7
  Best: 62 124 106 143 35 0 109 29 160 144 111 8 104 33 138 182 25 177 5 19 112 121 51 118 139 11 168 145 161 70 3 15 132 126 13 169 188 6 195 43 134 147 40 107 63 133 90 191 135 122 131 1 198 117 54 193 31 164 73 136 190 80 45 175 142 78 36 61 141 21 82 77 81 153 187 163 89 103 113 180 176 194 166 86 95 130 185 179 94 47 66 148 60 20 183 140 152 34 55 18
  Common Edges (out of 100):
    Avg similarity to all: Min=17.4354, Max=26.6787, Avg=22.3908 (r=-0.782203)
    Best of 1000 optima:   Min=16, Max=41, Avg=26.6787 (r=-0.404535)
    Best method (ILS):     Min=15, Max=49, Avg=32.546 (r=-0.533515)
  Common Nodes (out of 100):
    Avg similarity to all: Min=76.7908, Max=85.985, Avg=82.746 (r=-0.323466)
    Best of 1000 optima:   Min=76, Max=92, Avg=84.8859 (r=-0.168836)
    Best method (ILS):     Min=76, Max=92, Avg=85.149 (r=-0.369357)


Execution ended at: 2025-12-16 02:15:59
Total time elapsed: 290.669 seconds (290669 ms)
